2022/03/28-20:31:21.609496 7f0cc5d61000 RocksDB version: 6.20.3
2022/03/28-20:31:21.609600 7f0cc5d61000 Git sha 8608d75d85f8e1b3b64b73a4fb6d19baec61ba5c
2022/03/28-20:31:21.609605 7f0cc5d61000 Compile date 2021-05-05 20:35:30
2022/03/28-20:31:21.609657 7f0cc5d61000 DB SUMMARY
2022/03/28-20:31:21.609660 7f0cc5d61000 DB Session ID:  YIBZ5GC6GGCB7SPD1C25
2022/03/28-20:31:21.609788 7f0cc5d61000 CURRENT file:  CURRENT
2022/03/28-20:31:21.609792 7f0cc5d61000 IDENTITY file:  IDENTITY
2022/03/28-20:31:21.609808 7f0cc5d61000 MANIFEST file:  MANIFEST-000004 size: 1376 Bytes
2022/03/28-20:31:21.609811 7f0cc5d61000 SST files in test-ledger/rocksdb dir, Total Num: 0, files: 
2022/03/28-20:31:21.609814 7f0cc5d61000 Write Ahead Log file in test-ledger/rocksdb: 000005.log size: 3922 ; 
2022/03/28-20:31:21.609816 7f0cc5d61000                         Options.error_if_exists: 0
2022/03/28-20:31:21.609818 7f0cc5d61000                       Options.create_if_missing: 1
2022/03/28-20:31:21.609820 7f0cc5d61000                         Options.paranoid_checks: 1
2022/03/28-20:31:21.609822 7f0cc5d61000                               Options.track_and_verify_wals_in_manifest: 0
2022/03/28-20:31:21.609824 7f0cc5d61000                                     Options.env: 0x7f0cc87ff420
2022/03/28-20:31:21.609826 7f0cc5d61000                                      Options.fs: Posix File System
2022/03/28-20:31:21.609828 7f0cc5d61000                                Options.info_log: 0x7fffe9e943a0
2022/03/28-20:31:21.609830 7f0cc5d61000                Options.max_file_opening_threads: 16
2022/03/28-20:31:21.609832 7f0cc5d61000                              Options.statistics: (nil)
2022/03/28-20:31:21.609834 7f0cc5d61000                               Options.use_fsync: 0
2022/03/28-20:31:21.609836 7f0cc5d61000                       Options.max_log_file_size: 0
2022/03/28-20:31:21.609838 7f0cc5d61000                  Options.max_manifest_file_size: 1073741824
2022/03/28-20:31:21.609839 7f0cc5d61000                   Options.log_file_time_to_roll: 0
2022/03/28-20:31:21.609841 7f0cc5d61000                       Options.keep_log_file_num: 1000
2022/03/28-20:31:21.609843 7f0cc5d61000                    Options.recycle_log_file_num: 0
2022/03/28-20:31:21.609845 7f0cc5d61000                         Options.allow_fallocate: 1
2022/03/28-20:31:21.609847 7f0cc5d61000                        Options.allow_mmap_reads: 0
2022/03/28-20:31:21.609849 7f0cc5d61000                       Options.allow_mmap_writes: 0
2022/03/28-20:31:21.609851 7f0cc5d61000                        Options.use_direct_reads: 0
2022/03/28-20:31:21.609852 7f0cc5d61000                        Options.use_direct_io_for_flush_and_compaction: 0
2022/03/28-20:31:21.609854 7f0cc5d61000          Options.create_missing_column_families: 1
2022/03/28-20:31:21.609856 7f0cc5d61000                              Options.db_log_dir: 
2022/03/28-20:31:21.609858 7f0cc5d61000                                 Options.wal_dir: test-ledger/rocksdb
2022/03/28-20:31:21.609860 7f0cc5d61000                Options.table_cache_numshardbits: 6
2022/03/28-20:31:21.609862 7f0cc5d61000                         Options.WAL_ttl_seconds: 0
2022/03/28-20:31:21.609864 7f0cc5d61000                       Options.WAL_size_limit_MB: 0
2022/03/28-20:31:21.609866 7f0cc5d61000                        Options.max_write_batch_group_size_bytes: 1048576
2022/03/28-20:31:21.609867 7f0cc5d61000             Options.manifest_preallocation_size: 4194304
2022/03/28-20:31:21.609869 7f0cc5d61000                     Options.is_fd_close_on_exec: 1
2022/03/28-20:31:21.609871 7f0cc5d61000                   Options.advise_random_on_open: 1
2022/03/28-20:31:21.609873 7f0cc5d61000                    Options.db_write_buffer_size: 0
2022/03/28-20:31:21.609875 7f0cc5d61000                    Options.write_buffer_manager: 0x7fffe9d865d0
2022/03/28-20:31:21.609877 7f0cc5d61000         Options.access_hint_on_compaction_start: 1
2022/03/28-20:31:21.609879 7f0cc5d61000  Options.new_table_reader_for_compaction_inputs: 0
2022/03/28-20:31:21.609880 7f0cc5d61000           Options.random_access_max_buffer_size: 1048576
2022/03/28-20:31:21.609882 7f0cc5d61000                      Options.use_adaptive_mutex: 0
2022/03/28-20:31:21.610219 7f0cc5d61000                            Options.rate_limiter: (nil)
2022/03/28-20:31:21.610225 7f0cc5d61000     Options.sst_file_manager.rate_bytes_per_sec: 0
2022/03/28-20:31:21.610227 7f0cc5d61000                       Options.wal_recovery_mode: 2
2022/03/28-20:31:21.610229 7f0cc5d61000                  Options.enable_thread_tracking: 0
2022/03/28-20:31:21.610231 7f0cc5d61000                  Options.enable_pipelined_write: 0
2022/03/28-20:31:21.610233 7f0cc5d61000                  Options.unordered_write: 0
2022/03/28-20:31:21.610234 7f0cc5d61000         Options.allow_concurrent_memtable_write: 1
2022/03/28-20:31:21.610236 7f0cc5d61000      Options.enable_write_thread_adaptive_yield: 1
2022/03/28-20:31:21.610238 7f0cc5d61000             Options.write_thread_max_yield_usec: 100
2022/03/28-20:31:21.610240 7f0cc5d61000            Options.write_thread_slow_yield_usec: 3
2022/03/28-20:31:21.610242 7f0cc5d61000                               Options.row_cache: None
2022/03/28-20:31:21.610244 7f0cc5d61000                              Options.wal_filter: None
2022/03/28-20:31:21.610246 7f0cc5d61000             Options.avoid_flush_during_recovery: 0
2022/03/28-20:31:21.610248 7f0cc5d61000             Options.allow_ingest_behind: 0
2022/03/28-20:31:21.610249 7f0cc5d61000             Options.preserve_deletes: 0
2022/03/28-20:31:21.610251 7f0cc5d61000             Options.two_write_queues: 0
2022/03/28-20:31:21.610253 7f0cc5d61000             Options.manual_wal_flush: 0
2022/03/28-20:31:21.610255 7f0cc5d61000             Options.atomic_flush: 0
2022/03/28-20:31:21.610257 7f0cc5d61000             Options.avoid_unnecessary_blocking_io: 0
2022/03/28-20:31:21.610259 7f0cc5d61000                 Options.persist_stats_to_disk: 0
2022/03/28-20:31:21.610260 7f0cc5d61000                 Options.write_dbid_to_manifest: 0
2022/03/28-20:31:21.610262 7f0cc5d61000                 Options.log_readahead_size: 0
2022/03/28-20:31:21.610264 7f0cc5d61000                 Options.file_checksum_gen_factory: Unknown
2022/03/28-20:31:21.610266 7f0cc5d61000                 Options.best_efforts_recovery: 0
2022/03/28-20:31:21.610268 7f0cc5d61000                Options.max_bgerror_resume_count: 2147483647
2022/03/28-20:31:21.610270 7f0cc5d61000            Options.bgerror_resume_retry_interval: 1000000
2022/03/28-20:31:21.610272 7f0cc5d61000             Options.allow_data_in_errors: 0
2022/03/28-20:31:21.610274 7f0cc5d61000             Options.db_host_id: __hostname__
2022/03/28-20:31:21.610276 7f0cc5d61000             Options.max_background_jobs: 4
2022/03/28-20:31:21.610278 7f0cc5d61000             Options.max_background_compactions: -1
2022/03/28-20:31:21.610280 7f0cc5d61000             Options.max_subcompactions: 1
2022/03/28-20:31:21.610281 7f0cc5d61000             Options.avoid_flush_during_shutdown: 0
2022/03/28-20:31:21.610283 7f0cc5d61000           Options.writable_file_max_buffer_size: 1048576
2022/03/28-20:31:21.610285 7f0cc5d61000             Options.delayed_write_rate : 16777216
2022/03/28-20:31:21.610287 7f0cc5d61000             Options.max_total_wal_size: 4294967296
2022/03/28-20:31:21.610289 7f0cc5d61000             Options.delete_obsolete_files_period_micros: 21600000000
2022/03/28-20:31:21.610291 7f0cc5d61000                   Options.stats_dump_period_sec: 600
2022/03/28-20:31:21.610293 7f0cc5d61000                 Options.stats_persist_period_sec: 600
2022/03/28-20:31:21.610295 7f0cc5d61000                 Options.stats_history_buffer_size: 1048576
2022/03/28-20:31:21.610296 7f0cc5d61000                          Options.max_open_files: -1
2022/03/28-20:31:21.610298 7f0cc5d61000                          Options.bytes_per_sync: 0
2022/03/28-20:31:21.610300 7f0cc5d61000                      Options.wal_bytes_per_sync: 0
2022/03/28-20:31:21.610302 7f0cc5d61000                   Options.strict_bytes_per_sync: 0
2022/03/28-20:31:21.610304 7f0cc5d61000       Options.compaction_readahead_size: 0
2022/03/28-20:31:21.610306 7f0cc5d61000                  Options.max_background_flushes: -1
2022/03/28-20:31:21.610357 7f0cc5d61000 Compression algorithms supported:
2022/03/28-20:31:21.610360 7f0cc5d61000 	kZSTDNotFinalCompression supported: 0
2022/03/28-20:31:21.610363 7f0cc5d61000 	kZSTD supported: 0
2022/03/28-20:31:21.610365 7f0cc5d61000 	kXpressCompression supported: 0
2022/03/28-20:31:21.610367 7f0cc5d61000 	kLZ4HCCompression supported: 1
2022/03/28-20:31:21.610369 7f0cc5d61000 	kLZ4Compression supported: 1
2022/03/28-20:31:21.610371 7f0cc5d61000 	kBZip2Compression supported: 0
2022/03/28-20:31:21.610373 7f0cc5d61000 	kZlibCompression supported: 0
2022/03/28-20:31:21.610374 7f0cc5d61000 	kSnappyCompression supported: 0
2022/03/28-20:31:21.610377 7f0cc5d61000 Fast CRC32 supported: Not supported on x86
2022/03/28-20:31:21.610810 7f0cc5d61000 [db/version_set.cc:4627] Recovering from manifest file: test-ledger/rocksdb/MANIFEST-000004
2022/03/28-20:31:21.610991 7f0cc5d61000 [db/column_family.cc:598] --------------- Options for column family [default]:
2022/03/28-20:31:21.610995 7f0cc5d61000               Options.comparator: leveldb.BytewiseComparator
2022/03/28-20:31:21.610998 7f0cc5d61000           Options.merge_operator: None
2022/03/28-20:31:21.611000 7f0cc5d61000        Options.compaction_filter: None
2022/03/28-20:31:21.611001 7f0cc5d61000        Options.compaction_filter_factory: None
2022/03/28-20:31:21.611003 7f0cc5d61000  Options.sst_partitioner_factory: None
2022/03/28-20:31:21.611005 7f0cc5d61000         Options.memtable_factory: SkipListFactory
2022/03/28-20:31:21.611007 7f0cc5d61000            Options.table_factory: BlockBasedTable
2022/03/28-20:31:21.611025 7f0cc5d61000            table_factory options:   flush_block_policy_factory: FlushBlockBySizePolicyFactory (0x7fffe9d3dea0)
  cache_index_and_filter_blocks: 0
  cache_index_and_filter_blocks_with_high_priority: 1
  pin_l0_filter_and_index_blocks_in_cache: 0
  pin_top_level_index_and_filter: 1
  index_type: 0
  data_block_index_type: 0
  index_shortening: 1
  data_block_hash_table_util_ratio: 0.750000
  hash_index_allow_collision: 1
  checksum: 1
  no_block_cache: 0
  block_cache: 0x7fffe9d3def0
  block_cache_name: LRUCache
  block_cache_options:
    capacity : 8388608
    num_shard_bits : 4
    strict_capacity_limit : 0
    memory_allocator : None
    high_pri_pool_ratio: 0.000
  block_cache_compressed: (nil)
  persistent_cache: (nil)
  block_size: 4096
  block_size_deviation: 10
  block_restart_interval: 16
  index_block_restart_interval: 1
  metadata_block_size: 4096
  partition_filters: 0
  use_delta_encoding: 1
  filter_policy: nullptr
  whole_key_filtering: 1
  verify_compression: 0
  read_amp_bytes_per_bit: 0
  format_version: 5
  enable_index_compression: 1
  block_align: 0
2022/03/28-20:31:21.611027 7f0cc5d61000        Options.write_buffer_size: 67108864
2022/03/28-20:31:21.611029 7f0cc5d61000  Options.max_write_buffer_number: 2
2022/03/28-20:31:21.611031 7f0cc5d61000          Options.compression: NoCompression
2022/03/28-20:31:21.611033 7f0cc5d61000                  Options.bottommost_compression: Disabled
2022/03/28-20:31:21.611035 7f0cc5d61000       Options.prefix_extractor: nullptr
2022/03/28-20:31:21.611037 7f0cc5d61000   Options.memtable_insert_with_hint_prefix_extractor: nullptr
2022/03/28-20:31:21.611039 7f0cc5d61000             Options.num_levels: 7
2022/03/28-20:31:21.611041 7f0cc5d61000        Options.min_write_buffer_number_to_merge: 1
2022/03/28-20:31:21.611043 7f0cc5d61000     Options.max_write_buffer_number_to_maintain: 0
2022/03/28-20:31:21.611045 7f0cc5d61000     Options.max_write_buffer_size_to_maintain: 0
2022/03/28-20:31:21.611047 7f0cc5d61000            Options.bottommost_compression_opts.window_bits: -14
2022/03/28-20:31:21.611048 7f0cc5d61000                  Options.bottommost_compression_opts.level: 32767
2022/03/28-20:31:21.611050 7f0cc5d61000               Options.bottommost_compression_opts.strategy: 0
2022/03/28-20:31:21.611052 7f0cc5d61000         Options.bottommost_compression_opts.max_dict_bytes: 0
2022/03/28-20:31:21.611054 7f0cc5d61000         Options.bottommost_compression_opts.zstd_max_train_bytes: 0
2022/03/28-20:31:21.611113 7f0cc5d61000         Options.bottommost_compression_opts.parallel_threads: 1
2022/03/28-20:31:21.611116 7f0cc5d61000                  Options.bottommost_compression_opts.enabled: false
2022/03/28-20:31:21.611119 7f0cc5d61000         Options.bottommost_compression_opts.max_dict_buffer_bytes: 0
2022/03/28-20:31:21.611134 7f0cc5d61000            Options.compression_opts.window_bits: -14
2022/03/28-20:31:21.611136 7f0cc5d61000                  Options.compression_opts.level: 32767
2022/03/28-20:31:21.611138 7f0cc5d61000               Options.compression_opts.strategy: 0
2022/03/28-20:31:21.611140 7f0cc5d61000         Options.compression_opts.max_dict_bytes: 0
2022/03/28-20:31:21.611141 7f0cc5d61000         Options.compression_opts.zstd_max_train_bytes: 0
2022/03/28-20:31:21.611143 7f0cc5d61000         Options.compression_opts.parallel_threads: 1
2022/03/28-20:31:21.611145 7f0cc5d61000                  Options.compression_opts.enabled: false
2022/03/28-20:31:21.611147 7f0cc5d61000         Options.compression_opts.max_dict_buffer_bytes: 0
2022/03/28-20:31:21.611149 7f0cc5d61000      Options.level0_file_num_compaction_trigger: 4
2022/03/28-20:31:21.611151 7f0cc5d61000          Options.level0_slowdown_writes_trigger: 20
2022/03/28-20:31:21.611153 7f0cc5d61000              Options.level0_stop_writes_trigger: 36
2022/03/28-20:31:21.611155 7f0cc5d61000                   Options.target_file_size_base: 67108864
2022/03/28-20:31:21.611157 7f0cc5d61000             Options.target_file_size_multiplier: 1
2022/03/28-20:31:21.611159 7f0cc5d61000                Options.max_bytes_for_level_base: 268435456
2022/03/28-20:31:21.611161 7f0cc5d61000 Options.level_compaction_dynamic_level_bytes: 0
2022/03/28-20:31:21.611163 7f0cc5d61000          Options.max_bytes_for_level_multiplier: 10.000000
2022/03/28-20:31:21.611166 7f0cc5d61000 Options.max_bytes_for_level_multiplier_addtl[0]: 1
2022/03/28-20:31:21.611168 7f0cc5d61000 Options.max_bytes_for_level_multiplier_addtl[1]: 1
2022/03/28-20:31:21.611170 7f0cc5d61000 Options.max_bytes_for_level_multiplier_addtl[2]: 1
2022/03/28-20:31:21.611172 7f0cc5d61000 Options.max_bytes_for_level_multiplier_addtl[3]: 1
2022/03/28-20:31:21.611174 7f0cc5d61000 Options.max_bytes_for_level_multiplier_addtl[4]: 1
2022/03/28-20:31:21.611176 7f0cc5d61000 Options.max_bytes_for_level_multiplier_addtl[5]: 1
2022/03/28-20:31:21.611178 7f0cc5d61000 Options.max_bytes_for_level_multiplier_addtl[6]: 1
2022/03/28-20:31:21.611180 7f0cc5d61000       Options.max_sequential_skip_in_iterations: 8
2022/03/28-20:31:21.611203 7f0cc5d61000                    Options.max_compaction_bytes: 1677721600
2022/03/28-20:31:21.611205 7f0cc5d61000                        Options.arena_block_size: 8388608
2022/03/28-20:31:21.611207 7f0cc5d61000   Options.soft_pending_compaction_bytes_limit: 68719476736
2022/03/28-20:31:21.611209 7f0cc5d61000   Options.hard_pending_compaction_bytes_limit: 274877906944
2022/03/28-20:31:21.611224 7f0cc5d61000       Options.rate_limit_delay_max_milliseconds: 100
2022/03/28-20:31:21.611226 7f0cc5d61000                Options.disable_auto_compactions: 0
2022/03/28-20:31:21.611228 7f0cc5d61000                        Options.compaction_style: kCompactionStyleLevel
2022/03/28-20:31:21.611231 7f0cc5d61000                          Options.compaction_pri: kMinOverlappingRatio
2022/03/28-20:31:21.611233 7f0cc5d61000 Options.compaction_options_universal.size_ratio: 1
2022/03/28-20:31:21.611234 7f0cc5d61000 Options.compaction_options_universal.min_merge_width: 2
2022/03/28-20:31:21.611236 7f0cc5d61000 Options.compaction_options_universal.max_merge_width: 4294967295
2022/03/28-20:31:21.611238 7f0cc5d61000 Options.compaction_options_universal.max_size_amplification_percent: 200
2022/03/28-20:31:21.611240 7f0cc5d61000 Options.compaction_options_universal.compression_size_percent: -1
2022/03/28-20:31:21.611242 7f0cc5d61000 Options.compaction_options_universal.stop_style: kCompactionStopStyleTotalSize
2022/03/28-20:31:21.611244 7f0cc5d61000 Options.compaction_options_fifo.max_table_files_size: 1073741824
2022/03/28-20:31:21.611306 7f0cc5d61000 Options.compaction_options_fifo.allow_compaction: 0
2022/03/28-20:31:21.611313 7f0cc5d61000                   Options.table_properties_collectors: 
2022/03/28-20:31:21.611315 7f0cc5d61000                   Options.inplace_update_support: 0
2022/03/28-20:31:21.611317 7f0cc5d61000                 Options.inplace_update_num_locks: 10000
2022/03/28-20:31:21.611319 7f0cc5d61000               Options.memtable_prefix_bloom_size_ratio: 0.000000
2022/03/28-20:31:21.611321 7f0cc5d61000               Options.memtable_whole_key_filtering: 0
2022/03/28-20:31:21.611323 7f0cc5d61000   Options.memtable_huge_page_size: 0
2022/03/28-20:31:21.611325 7f0cc5d61000                           Options.bloom_locality: 0
2022/03/28-20:31:21.611327 7f0cc5d61000                    Options.max_successive_merges: 0
2022/03/28-20:31:21.611329 7f0cc5d61000                Options.optimize_filters_for_hits: 0
2022/03/28-20:31:21.611330 7f0cc5d61000                Options.paranoid_file_checks: 0
2022/03/28-20:31:21.611332 7f0cc5d61000                Options.force_consistency_checks: 1
2022/03/28-20:31:21.611334 7f0cc5d61000                Options.report_bg_io_stats: 0
2022/03/28-20:31:21.611336 7f0cc5d61000                               Options.ttl: 2592000
2022/03/28-20:31:21.611338 7f0cc5d61000          Options.periodic_compaction_seconds: 0
2022/03/28-20:31:21.611340 7f0cc5d61000                    Options.enable_blob_files: false
2022/03/28-20:31:21.611342 7f0cc5d61000                        Options.min_blob_size: 0
2022/03/28-20:31:21.611343 7f0cc5d61000                       Options.blob_file_size: 268435456
2022/03/28-20:31:21.611345 7f0cc5d61000                Options.blob_compression_type: NoCompression
2022/03/28-20:31:21.611347 7f0cc5d61000       Options.enable_blob_garbage_collection: false
2022/03/28-20:31:21.611349 7f0cc5d61000   Options.blob_garbage_collection_age_cutoff: 0.250000
2022/03/28-20:31:21.611447 7f0cc5d61000 [db/column_family.cc:598] --------------- Options for column family [meta]:
2022/03/28-20:31:21.611451 7f0cc5d61000               Options.comparator: leveldb.BytewiseComparator
2022/03/28-20:31:21.611453 7f0cc5d61000           Options.merge_operator: None
2022/03/28-20:31:21.611455 7f0cc5d61000        Options.compaction_filter: None
2022/03/28-20:31:21.611457 7f0cc5d61000        Options.compaction_filter_factory: purged_slot_filter_factory(meta)
2022/03/28-20:31:21.611459 7f0cc5d61000  Options.sst_partitioner_factory: None
2022/03/28-20:31:21.611461 7f0cc5d61000         Options.memtable_factory: SkipListFactory
2022/03/28-20:31:21.611463 7f0cc5d61000            Options.table_factory: BlockBasedTable
2022/03/28-20:31:21.611476 7f0cc5d61000            table_factory options:   flush_block_policy_factory: FlushBlockBySizePolicyFactory (0x7fffe9cb3710)
  cache_index_and_filter_blocks: 0
  cache_index_and_filter_blocks_with_high_priority: 1
  pin_l0_filter_and_index_blocks_in_cache: 0
  pin_top_level_index_and_filter: 1
  index_type: 0
  data_block_index_type: 0
  index_shortening: 1
  data_block_hash_table_util_ratio: 0.750000
  hash_index_allow_collision: 1
  checksum: 1
  no_block_cache: 0
  block_cache: 0x7fffe9e3e360
  block_cache_name: LRUCache
  block_cache_options:
    capacity : 8388608
    num_shard_bits : 4
    strict_capacity_limit : 0
    memory_allocator : None
    high_pri_pool_ratio: 0.000
  block_cache_compressed: (nil)
  persistent_cache: (nil)
  block_size: 4096
  block_size_deviation: 10
  block_restart_interval: 16
  index_block_restart_interval: 1
  metadata_block_size: 4096
  partition_filters: 0
  use_delta_encoding: 1
  filter_policy: nullptr
  whole_key_filtering: 1
  verify_compression: 0
  read_amp_bytes_per_bit: 0
  format_version: 5
  enable_index_compression: 1
  block_align: 0
2022/03/28-20:31:21.611478 7f0cc5d61000        Options.write_buffer_size: 268435456
2022/03/28-20:31:21.611480 7f0cc5d61000  Options.max_write_buffer_number: 8
2022/03/28-20:31:21.611482 7f0cc5d61000          Options.compression: NoCompression
2022/03/28-20:31:21.611484 7f0cc5d61000                  Options.bottommost_compression: Disabled
2022/03/28-20:31:21.611503 7f0cc5d61000       Options.prefix_extractor: nullptr
2022/03/28-20:31:21.611505 7f0cc5d61000   Options.memtable_insert_with_hint_prefix_extractor: nullptr
2022/03/28-20:31:21.611507 7f0cc5d61000             Options.num_levels: 7
2022/03/28-20:31:21.611509 7f0cc5d61000        Options.min_write_buffer_number_to_merge: 1
2022/03/28-20:31:21.611511 7f0cc5d61000     Options.max_write_buffer_number_to_maintain: 0
2022/03/28-20:31:21.611513 7f0cc5d61000     Options.max_write_buffer_size_to_maintain: 0
2022/03/28-20:31:21.611515 7f0cc5d61000            Options.bottommost_compression_opts.window_bits: -14
2022/03/28-20:31:21.611517 7f0cc5d61000                  Options.bottommost_compression_opts.level: 32767
2022/03/28-20:31:21.611518 7f0cc5d61000               Options.bottommost_compression_opts.strategy: 0
2022/03/28-20:31:21.611520 7f0cc5d61000         Options.bottommost_compression_opts.max_dict_bytes: 0
2022/03/28-20:31:21.611522 7f0cc5d61000         Options.bottommost_compression_opts.zstd_max_train_bytes: 0
2022/03/28-20:31:21.611524 7f0cc5d61000         Options.bottommost_compression_opts.parallel_threads: 1
2022/03/28-20:31:21.611526 7f0cc5d61000                  Options.bottommost_compression_opts.enabled: false
2022/03/28-20:31:21.611528 7f0cc5d61000         Options.bottommost_compression_opts.max_dict_buffer_bytes: 0
2022/03/28-20:31:21.611530 7f0cc5d61000            Options.compression_opts.window_bits: -14
2022/03/28-20:31:21.611531 7f0cc5d61000                  Options.compression_opts.level: 32767
2022/03/28-20:31:21.611533 7f0cc5d61000               Options.compression_opts.strategy: 0
2022/03/28-20:31:21.611535 7f0cc5d61000         Options.compression_opts.max_dict_bytes: 0
2022/03/28-20:31:21.611537 7f0cc5d61000         Options.compression_opts.zstd_max_train_bytes: 0
2022/03/28-20:31:21.611539 7f0cc5d61000         Options.compression_opts.parallel_threads: 1
2022/03/28-20:31:21.611541 7f0cc5d61000                  Options.compression_opts.enabled: false
2022/03/28-20:31:21.611542 7f0cc5d61000         Options.compression_opts.max_dict_buffer_bytes: 0
2022/03/28-20:31:21.611544 7f0cc5d61000      Options.level0_file_num_compaction_trigger: 4
2022/03/28-20:31:21.611546 7f0cc5d61000          Options.level0_slowdown_writes_trigger: 20
2022/03/28-20:31:21.611548 7f0cc5d61000              Options.level0_stop_writes_trigger: 36
2022/03/28-20:31:21.611550 7f0cc5d61000                   Options.target_file_size_base: 107374182
2022/03/28-20:31:21.611552 7f0cc5d61000             Options.target_file_size_multiplier: 1
2022/03/28-20:31:21.611554 7f0cc5d61000                Options.max_bytes_for_level_base: 1073741824
2022/03/28-20:31:21.611555 7f0cc5d61000 Options.level_compaction_dynamic_level_bytes: 0
2022/03/28-20:31:21.611557 7f0cc5d61000          Options.max_bytes_for_level_multiplier: 10.000000
2022/03/28-20:31:21.611560 7f0cc5d61000 Options.max_bytes_for_level_multiplier_addtl[0]: 1
2022/03/28-20:31:21.611562 7f0cc5d61000 Options.max_bytes_for_level_multiplier_addtl[1]: 1
2022/03/28-20:31:21.611564 7f0cc5d61000 Options.max_bytes_for_level_multiplier_addtl[2]: 1
2022/03/28-20:31:21.611566 7f0cc5d61000 Options.max_bytes_for_level_multiplier_addtl[3]: 1
2022/03/28-20:31:21.611567 7f0cc5d61000 Options.max_bytes_for_level_multiplier_addtl[4]: 1
2022/03/28-20:31:21.611569 7f0cc5d61000 Options.max_bytes_for_level_multiplier_addtl[5]: 1
2022/03/28-20:31:21.611571 7f0cc5d61000 Options.max_bytes_for_level_multiplier_addtl[6]: 1
2022/03/28-20:31:21.611573 7f0cc5d61000       Options.max_sequential_skip_in_iterations: 8
2022/03/28-20:31:21.611575 7f0cc5d61000                    Options.max_compaction_bytes: 2684354550
2022/03/28-20:31:21.611577 7f0cc5d61000                        Options.arena_block_size: 33554432
2022/03/28-20:31:21.611579 7f0cc5d61000   Options.soft_pending_compaction_bytes_limit: 68719476736
2022/03/28-20:31:21.611580 7f0cc5d61000   Options.hard_pending_compaction_bytes_limit: 274877906944
2022/03/28-20:31:21.611582 7f0cc5d61000       Options.rate_limit_delay_max_milliseconds: 100
2022/03/28-20:31:21.611596 7f0cc5d61000                Options.disable_auto_compactions: 0
2022/03/28-20:31:21.611599 7f0cc5d61000                        Options.compaction_style: kCompactionStyleLevel
2022/03/28-20:31:21.611601 7f0cc5d61000                          Options.compaction_pri: kMinOverlappingRatio
2022/03/28-20:31:21.611603 7f0cc5d61000 Options.compaction_options_universal.size_ratio: 1
2022/03/28-20:31:21.611605 7f0cc5d61000 Options.compaction_options_universal.min_merge_width: 2
2022/03/28-20:31:21.611607 7f0cc5d61000 Options.compaction_options_universal.max_merge_width: 4294967295
2022/03/28-20:31:21.611608 7f0cc5d61000 Options.compaction_options_universal.max_size_amplification_percent: 200
2022/03/28-20:31:21.611610 7f0cc5d61000 Options.compaction_options_universal.compression_size_percent: -1
2022/03/28-20:31:21.611612 7f0cc5d61000 Options.compaction_options_universal.stop_style: kCompactionStopStyleTotalSize
2022/03/28-20:31:21.611614 7f0cc5d61000 Options.compaction_options_fifo.max_table_files_size: 1073741824
2022/03/28-20:31:21.611616 7f0cc5d61000 Options.compaction_options_fifo.allow_compaction: 0
2022/03/28-20:31:21.611619 7f0cc5d61000                   Options.table_properties_collectors: 
2022/03/28-20:31:21.611621 7f0cc5d61000                   Options.inplace_update_support: 0
2022/03/28-20:31:21.611623 7f0cc5d61000                 Options.inplace_update_num_locks: 10000
2022/03/28-20:31:21.611625 7f0cc5d61000               Options.memtable_prefix_bloom_size_ratio: 0.000000
2022/03/28-20:31:21.611627 7f0cc5d61000               Options.memtable_whole_key_filtering: 0
2022/03/28-20:31:21.611629 7f0cc5d61000   Options.memtable_huge_page_size: 0
2022/03/28-20:31:21.611630 7f0cc5d61000                           Options.bloom_locality: 0
2022/03/28-20:31:21.611632 7f0cc5d61000                    Options.max_successive_merges: 0
2022/03/28-20:31:21.611634 7f0cc5d61000                Options.optimize_filters_for_hits: 0
2022/03/28-20:31:21.611636 7f0cc5d61000                Options.paranoid_file_checks: 0
2022/03/28-20:31:21.611638 7f0cc5d61000                Options.force_consistency_checks: 1
2022/03/28-20:31:21.611640 7f0cc5d61000                Options.report_bg_io_stats: 0
2022/03/28-20:31:21.611641 7f0cc5d61000                               Options.ttl: 2592000
2022/03/28-20:31:21.611643 7f0cc5d61000          Options.periodic_compaction_seconds: 2592000
2022/03/28-20:31:21.611645 7f0cc5d61000                    Options.enable_blob_files: false
2022/03/28-20:31:21.611647 7f0cc5d61000                        Options.min_blob_size: 0
2022/03/28-20:31:21.611649 7f0cc5d61000                       Options.blob_file_size: 268435456
2022/03/28-20:31:21.611651 7f0cc5d61000                Options.blob_compression_type: NoCompression
2022/03/28-20:31:21.611653 7f0cc5d61000       Options.enable_blob_garbage_collection: false
2022/03/28-20:31:21.611654 7f0cc5d61000   Options.blob_garbage_collection_age_cutoff: 0.250000
2022/03/28-20:31:21.611677 7f0cc5d61000 [db/column_family.cc:598] --------------- Options for column family [dead_slots]:
2022/03/28-20:31:21.611679 7f0cc5d61000               Options.comparator: leveldb.BytewiseComparator
2022/03/28-20:31:21.611681 7f0cc5d61000           Options.merge_operator: None
2022/03/28-20:31:21.611683 7f0cc5d61000        Options.compaction_filter: None
2022/03/28-20:31:21.611685 7f0cc5d61000        Options.compaction_filter_factory: purged_slot_filter_factory(dead_slots)
2022/03/28-20:31:21.611687 7f0cc5d61000  Options.sst_partitioner_factory: None
2022/03/28-20:31:21.611689 7f0cc5d61000         Options.memtable_factory: SkipListFactory
2022/03/28-20:31:21.611690 7f0cc5d61000            Options.table_factory: BlockBasedTable
2022/03/28-20:31:21.611702 7f0cc5d61000            table_factory options:   flush_block_policy_factory: FlushBlockBySizePolicyFactory (0x7fffe9c8eb70)
  cache_index_and_filter_blocks: 0
  cache_index_and_filter_blocks_with_high_priority: 1
  pin_l0_filter_and_index_blocks_in_cache: 0
  pin_top_level_index_and_filter: 1
  index_type: 0
  data_block_index_type: 0
  index_shortening: 1
  data_block_hash_table_util_ratio: 0.750000
  hash_index_allow_collision: 1
  checksum: 1
  no_block_cache: 0
  block_cache: 0x7fffe9d39d40
  block_cache_name: LRUCache
  block_cache_options:
    capacity : 8388608
    num_shard_bits : 4
    strict_capacity_limit : 0
    memory_allocator : None
    high_pri_pool_ratio: 0.000
  block_cache_compressed: (nil)
  persistent_cache: (nil)
  block_size: 4096
  block_size_deviation: 10
  block_restart_interval: 16
  index_block_restart_interval: 1
  metadata_block_size: 4096
  partition_filters: 0
  use_delta_encoding: 1
  filter_policy: nullptr
  whole_key_filtering: 1
  verify_compression: 0
  read_amp_bytes_per_bit: 0
  format_version: 5
  enable_index_compression: 1
  block_align: 0
2022/03/28-20:31:21.611722 7f0cc5d61000        Options.write_buffer_size: 268435456
2022/03/28-20:31:21.611725 7f0cc5d61000  Options.max_write_buffer_number: 8
2022/03/28-20:31:21.611726 7f0cc5d61000          Options.compression: NoCompression
2022/03/28-20:31:21.611728 7f0cc5d61000                  Options.bottommost_compression: Disabled
2022/03/28-20:31:21.611730 7f0cc5d61000       Options.prefix_extractor: nullptr
2022/03/28-20:31:21.611732 7f0cc5d61000   Options.memtable_insert_with_hint_prefix_extractor: nullptr
2022/03/28-20:31:21.611734 7f0cc5d61000             Options.num_levels: 7
2022/03/28-20:31:21.611736 7f0cc5d61000        Options.min_write_buffer_number_to_merge: 1
2022/03/28-20:31:21.611738 7f0cc5d61000     Options.max_write_buffer_number_to_maintain: 0
2022/03/28-20:31:21.611739 7f0cc5d61000     Options.max_write_buffer_size_to_maintain: 0
2022/03/28-20:31:21.611741 7f0cc5d61000            Options.bottommost_compression_opts.window_bits: -14
2022/03/28-20:31:21.611743 7f0cc5d61000                  Options.bottommost_compression_opts.level: 32767
2022/03/28-20:31:21.611745 7f0cc5d61000               Options.bottommost_compression_opts.strategy: 0
2022/03/28-20:31:21.611747 7f0cc5d61000         Options.bottommost_compression_opts.max_dict_bytes: 0
2022/03/28-20:31:21.611749 7f0cc5d61000         Options.bottommost_compression_opts.zstd_max_train_bytes: 0
2022/03/28-20:31:21.611750 7f0cc5d61000         Options.bottommost_compression_opts.parallel_threads: 1
2022/03/28-20:31:21.611752 7f0cc5d61000                  Options.bottommost_compression_opts.enabled: false
2022/03/28-20:31:21.611754 7f0cc5d61000         Options.bottommost_compression_opts.max_dict_buffer_bytes: 0
2022/03/28-20:31:21.611756 7f0cc5d61000            Options.compression_opts.window_bits: -14
2022/03/28-20:31:21.611758 7f0cc5d61000                  Options.compression_opts.level: 32767
2022/03/28-20:31:21.611760 7f0cc5d61000               Options.compression_opts.strategy: 0
2022/03/28-20:31:21.611761 7f0cc5d61000         Options.compression_opts.max_dict_bytes: 0
2022/03/28-20:31:21.611763 7f0cc5d61000         Options.compression_opts.zstd_max_train_bytes: 0
2022/03/28-20:31:21.611765 7f0cc5d61000         Options.compression_opts.parallel_threads: 1
2022/03/28-20:31:21.611767 7f0cc5d61000                  Options.compression_opts.enabled: false
2022/03/28-20:31:21.611769 7f0cc5d61000         Options.compression_opts.max_dict_buffer_bytes: 0
2022/03/28-20:31:21.611771 7f0cc5d61000      Options.level0_file_num_compaction_trigger: 4
2022/03/28-20:31:21.611772 7f0cc5d61000          Options.level0_slowdown_writes_trigger: 20
2022/03/28-20:31:21.611774 7f0cc5d61000              Options.level0_stop_writes_trigger: 36
2022/03/28-20:31:21.611776 7f0cc5d61000                   Options.target_file_size_base: 107374182
2022/03/28-20:31:21.611778 7f0cc5d61000             Options.target_file_size_multiplier: 1
2022/03/28-20:31:21.611780 7f0cc5d61000                Options.max_bytes_for_level_base: 1073741824
2022/03/28-20:31:21.611782 7f0cc5d61000 Options.level_compaction_dynamic_level_bytes: 0
2022/03/28-20:31:21.611783 7f0cc5d61000          Options.max_bytes_for_level_multiplier: 10.000000
2022/03/28-20:31:21.611786 7f0cc5d61000 Options.max_bytes_for_level_multiplier_addtl[0]: 1
2022/03/28-20:31:21.611830 7f0cc5d61000 Options.max_bytes_for_level_multiplier_addtl[1]: 1
2022/03/28-20:31:21.611833 7f0cc5d61000 Options.max_bytes_for_level_multiplier_addtl[2]: 1
2022/03/28-20:31:21.611835 7f0cc5d61000 Options.max_bytes_for_level_multiplier_addtl[3]: 1
2022/03/28-20:31:21.611837 7f0cc5d61000 Options.max_bytes_for_level_multiplier_addtl[4]: 1
2022/03/28-20:31:21.611839 7f0cc5d61000 Options.max_bytes_for_level_multiplier_addtl[5]: 1
2022/03/28-20:31:21.611841 7f0cc5d61000 Options.max_bytes_for_level_multiplier_addtl[6]: 1
2022/03/28-20:31:21.611842 7f0cc5d61000       Options.max_sequential_skip_in_iterations: 8
2022/03/28-20:31:21.611844 7f0cc5d61000                    Options.max_compaction_bytes: 2684354550
2022/03/28-20:31:21.611846 7f0cc5d61000                        Options.arena_block_size: 33554432
2022/03/28-20:31:21.611848 7f0cc5d61000   Options.soft_pending_compaction_bytes_limit: 68719476736
2022/03/28-20:31:21.611850 7f0cc5d61000   Options.hard_pending_compaction_bytes_limit: 274877906944
2022/03/28-20:31:21.611852 7f0cc5d61000       Options.rate_limit_delay_max_milliseconds: 100
2022/03/28-20:31:21.611853 7f0cc5d61000                Options.disable_auto_compactions: 0
2022/03/28-20:31:21.611855 7f0cc5d61000                        Options.compaction_style: kCompactionStyleLevel
2022/03/28-20:31:21.611858 7f0cc5d61000                          Options.compaction_pri: kMinOverlappingRatio
2022/03/28-20:31:21.611859 7f0cc5d61000 Options.compaction_options_universal.size_ratio: 1
2022/03/28-20:31:21.611861 7f0cc5d61000 Options.compaction_options_universal.min_merge_width: 2
2022/03/28-20:31:21.611863 7f0cc5d61000 Options.compaction_options_universal.max_merge_width: 4294967295
2022/03/28-20:31:21.611865 7f0cc5d61000 Options.compaction_options_universal.max_size_amplification_percent: 200
2022/03/28-20:31:21.611867 7f0cc5d61000 Options.compaction_options_universal.compression_size_percent: -1
2022/03/28-20:31:21.611869 7f0cc5d61000 Options.compaction_options_universal.stop_style: kCompactionStopStyleTotalSize
2022/03/28-20:31:21.611871 7f0cc5d61000 Options.compaction_options_fifo.max_table_files_size: 1073741824
2022/03/28-20:31:21.611872 7f0cc5d61000 Options.compaction_options_fifo.allow_compaction: 0
2022/03/28-20:31:21.611875 7f0cc5d61000                   Options.table_properties_collectors: 
2022/03/28-20:31:21.611877 7f0cc5d61000                   Options.inplace_update_support: 0
2022/03/28-20:31:21.611879 7f0cc5d61000                 Options.inplace_update_num_locks: 10000
2022/03/28-20:31:21.611881 7f0cc5d61000               Options.memtable_prefix_bloom_size_ratio: 0.000000
2022/03/28-20:31:21.611883 7f0cc5d61000               Options.memtable_whole_key_filtering: 0
2022/03/28-20:31:21.611885 7f0cc5d61000   Options.memtable_huge_page_size: 0
2022/03/28-20:31:21.611887 7f0cc5d61000                           Options.bloom_locality: 0
2022/03/28-20:31:21.611889 7f0cc5d61000                    Options.max_successive_merges: 0
2022/03/28-20:31:21.611891 7f0cc5d61000                Options.optimize_filters_for_hits: 0
2022/03/28-20:31:21.611892 7f0cc5d61000                Options.paranoid_file_checks: 0
2022/03/28-20:31:21.611894 7f0cc5d61000                Options.force_consistency_checks: 1
2022/03/28-20:31:21.611896 7f0cc5d61000                Options.report_bg_io_stats: 0
2022/03/28-20:31:21.611898 7f0cc5d61000                               Options.ttl: 2592000
2022/03/28-20:31:21.611900 7f0cc5d61000          Options.periodic_compaction_seconds: 2592000
2022/03/28-20:31:21.611902 7f0cc5d61000                    Options.enable_blob_files: false
2022/03/28-20:31:21.611903 7f0cc5d61000                        Options.min_blob_size: 0
2022/03/28-20:31:21.611905 7f0cc5d61000                       Options.blob_file_size: 268435456
2022/03/28-20:31:21.611907 7f0cc5d61000                Options.blob_compression_type: NoCompression
2022/03/28-20:31:21.611909 7f0cc5d61000       Options.enable_blob_garbage_collection: false
2022/03/28-20:31:21.611911 7f0cc5d61000   Options.blob_garbage_collection_age_cutoff: 0.250000
2022/03/28-20:31:21.611947 7f0cc5d61000 [db/column_family.cc:598] --------------- Options for column family [duplicate_slots]:
2022/03/28-20:31:21.611950 7f0cc5d61000               Options.comparator: leveldb.BytewiseComparator
2022/03/28-20:31:21.611952 7f0cc5d61000           Options.merge_operator: None
2022/03/28-20:31:21.611954 7f0cc5d61000        Options.compaction_filter: None
2022/03/28-20:31:21.611956 7f0cc5d61000        Options.compaction_filter_factory: purged_slot_filter_factory(duplicate_slots)
2022/03/28-20:31:21.611958 7f0cc5d61000  Options.sst_partitioner_factory: None
2022/03/28-20:31:21.611960 7f0cc5d61000         Options.memtable_factory: SkipListFactory
2022/03/28-20:31:21.611962 7f0cc5d61000            Options.table_factory: BlockBasedTable
2022/03/28-20:31:21.611974 7f0cc5d61000            table_factory options:   flush_block_policy_factory: FlushBlockBySizePolicyFactory (0x7fffe9cb3750)
  cache_index_and_filter_blocks: 0
  cache_index_and_filter_blocks_with_high_priority: 1
  pin_l0_filter_and_index_blocks_in_cache: 0
  pin_top_level_index_and_filter: 1
  index_type: 0
  data_block_index_type: 0
  index_shortening: 1
  data_block_hash_table_util_ratio: 0.750000
  hash_index_allow_collision: 1
  checksum: 1
  no_block_cache: 0
  block_cache: 0x7fffe9e27840
  block_cache_name: LRUCache
  block_cache_options:
    capacity : 8388608
    num_shard_bits : 4
    strict_capacity_limit : 0
    memory_allocator : None
    high_pri_pool_ratio: 0.000
  block_cache_compressed: (nil)
  persistent_cache: (nil)
  block_size: 4096
  block_size_deviation: 10
  block_restart_interval: 16
  index_block_restart_interval: 1
  metadata_block_size: 4096
  partition_filters: 0
  use_delta_encoding: 1
  filter_policy: nullptr
  whole_key_filtering: 1
  verify_compression: 0
  read_amp_bytes_per_bit: 0
  format_version: 5
  enable_index_compression: 1
  block_align: 0
2022/03/28-20:31:21.611976 7f0cc5d61000        Options.write_buffer_size: 268435456
2022/03/28-20:31:21.611978 7f0cc5d61000  Options.max_write_buffer_number: 8
2022/03/28-20:31:21.611980 7f0cc5d61000          Options.compression: NoCompression
2022/03/28-20:31:21.611982 7f0cc5d61000                  Options.bottommost_compression: Disabled
2022/03/28-20:31:21.611983 7f0cc5d61000       Options.prefix_extractor: nullptr
2022/03/28-20:31:21.611985 7f0cc5d61000   Options.memtable_insert_with_hint_prefix_extractor: nullptr
2022/03/28-20:31:21.611987 7f0cc5d61000             Options.num_levels: 7
2022/03/28-20:31:21.611989 7f0cc5d61000        Options.min_write_buffer_number_to_merge: 1
2022/03/28-20:31:21.611991 7f0cc5d61000     Options.max_write_buffer_number_to_maintain: 0
2022/03/28-20:31:21.611993 7f0cc5d61000     Options.max_write_buffer_size_to_maintain: 0
2022/03/28-20:31:21.611995 7f0cc5d61000            Options.bottommost_compression_opts.window_bits: -14
2022/03/28-20:31:21.611997 7f0cc5d61000                  Options.bottommost_compression_opts.level: 32767
