2022/03/28-20:31:18.522698 7f0cc5d61000 RocksDB version: 6.20.3
2022/03/28-20:31:18.523345 7f0cc5d61000 Git sha 8608d75d85f8e1b3b64b73a4fb6d19baec61ba5c
2022/03/28-20:31:18.523350 7f0cc5d61000 Compile date 2021-05-05 20:35:30
2022/03/28-20:31:18.523435 7f0cc5d61000 DB SUMMARY
2022/03/28-20:31:18.523438 7f0cc5d61000 DB Session ID:  9707RCIZFHT4MXZYFF84
2022/03/28-20:31:18.523575 7f0cc5d61000 SST files in test-ledger/rocksdb dir, Total Num: 0, files: 
2022/03/28-20:31:18.523580 7f0cc5d61000 Write Ahead Log file in test-ledger/rocksdb: 
2022/03/28-20:31:18.523582 7f0cc5d61000                         Options.error_if_exists: 0
2022/03/28-20:31:18.523586 7f0cc5d61000                       Options.create_if_missing: 1
2022/03/28-20:31:18.523589 7f0cc5d61000                         Options.paranoid_checks: 1
2022/03/28-20:31:18.523590 7f0cc5d61000                               Options.track_and_verify_wals_in_manifest: 0
2022/03/28-20:31:18.523592 7f0cc5d61000                                     Options.env: 0x7f0cc87ff420
2022/03/28-20:31:18.523594 7f0cc5d61000                                      Options.fs: Posix File System
2022/03/28-20:31:18.523596 7f0cc5d61000                                Options.info_log: 0x7fffe9c93ce0
2022/03/28-20:31:18.523598 7f0cc5d61000                Options.max_file_opening_threads: 16
2022/03/28-20:31:18.523600 7f0cc5d61000                              Options.statistics: (nil)
2022/03/28-20:31:18.523602 7f0cc5d61000                               Options.use_fsync: 0
2022/03/28-20:31:18.523604 7f0cc5d61000                       Options.max_log_file_size: 0
2022/03/28-20:31:18.523606 7f0cc5d61000                  Options.max_manifest_file_size: 1073741824
2022/03/28-20:31:18.523608 7f0cc5d61000                   Options.log_file_time_to_roll: 0
2022/03/28-20:31:18.523610 7f0cc5d61000                       Options.keep_log_file_num: 1000
2022/03/28-20:31:18.523612 7f0cc5d61000                    Options.recycle_log_file_num: 0
2022/03/28-20:31:18.523613 7f0cc5d61000                         Options.allow_fallocate: 1
2022/03/28-20:31:18.523615 7f0cc5d61000                        Options.allow_mmap_reads: 0
2022/03/28-20:31:18.523617 7f0cc5d61000                       Options.allow_mmap_writes: 0
2022/03/28-20:31:18.523619 7f0cc5d61000                        Options.use_direct_reads: 0
2022/03/28-20:31:18.523621 7f0cc5d61000                        Options.use_direct_io_for_flush_and_compaction: 0
2022/03/28-20:31:18.523627 7f0cc5d61000          Options.create_missing_column_families: 1
2022/03/28-20:31:18.523629 7f0cc5d61000                              Options.db_log_dir: 
2022/03/28-20:31:18.523630 7f0cc5d61000                                 Options.wal_dir: test-ledger/rocksdb
2022/03/28-20:31:18.523632 7f0cc5d61000                Options.table_cache_numshardbits: 6
2022/03/28-20:31:18.523648 7f0cc5d61000                         Options.WAL_ttl_seconds: 0
2022/03/28-20:31:18.523650 7f0cc5d61000                       Options.WAL_size_limit_MB: 0
2022/03/28-20:31:18.523651 7f0cc5d61000                        Options.max_write_batch_group_size_bytes: 1048576
2022/03/28-20:31:18.523653 7f0cc5d61000             Options.manifest_preallocation_size: 4194304
2022/03/28-20:31:18.523655 7f0cc5d61000                     Options.is_fd_close_on_exec: 1
2022/03/28-20:31:18.523657 7f0cc5d61000                   Options.advise_random_on_open: 1
2022/03/28-20:31:18.523659 7f0cc5d61000                    Options.db_write_buffer_size: 0
2022/03/28-20:31:18.523661 7f0cc5d61000                    Options.write_buffer_manager: 0x7fffe9ce88f0
2022/03/28-20:31:18.523678 7f0cc5d61000         Options.access_hint_on_compaction_start: 1
2022/03/28-20:31:18.523680 7f0cc5d61000  Options.new_table_reader_for_compaction_inputs: 0
2022/03/28-20:31:18.523682 7f0cc5d61000           Options.random_access_max_buffer_size: 1048576
2022/03/28-20:31:18.523828 7f0cc5d61000                      Options.use_adaptive_mutex: 0
2022/03/28-20:31:18.523881 7f0cc5d61000                            Options.rate_limiter: (nil)
2022/03/28-20:31:18.523915 7f0cc5d61000     Options.sst_file_manager.rate_bytes_per_sec: 0
2022/03/28-20:31:18.524149 7f0cc5d61000                       Options.wal_recovery_mode: 2
2022/03/28-20:31:18.524155 7f0cc5d61000                  Options.enable_thread_tracking: 0
2022/03/28-20:31:18.524157 7f0cc5d61000                  Options.enable_pipelined_write: 0
2022/03/28-20:31:18.524159 7f0cc5d61000                  Options.unordered_write: 0
2022/03/28-20:31:18.524162 7f0cc5d61000         Options.allow_concurrent_memtable_write: 1
2022/03/28-20:31:18.524164 7f0cc5d61000      Options.enable_write_thread_adaptive_yield: 1
2022/03/28-20:31:18.524166 7f0cc5d61000             Options.write_thread_max_yield_usec: 100
2022/03/28-20:31:18.524168 7f0cc5d61000            Options.write_thread_slow_yield_usec: 3
2022/03/28-20:31:18.524170 7f0cc5d61000                               Options.row_cache: None
2022/03/28-20:31:18.524172 7f0cc5d61000                              Options.wal_filter: None
2022/03/28-20:31:18.524175 7f0cc5d61000             Options.avoid_flush_during_recovery: 0
2022/03/28-20:31:18.524177 7f0cc5d61000             Options.allow_ingest_behind: 0
2022/03/28-20:31:18.524179 7f0cc5d61000             Options.preserve_deletes: 0
2022/03/28-20:31:18.524181 7f0cc5d61000             Options.two_write_queues: 0
2022/03/28-20:31:18.524183 7f0cc5d61000             Options.manual_wal_flush: 0
2022/03/28-20:31:18.524185 7f0cc5d61000             Options.atomic_flush: 0
2022/03/28-20:31:18.524187 7f0cc5d61000             Options.avoid_unnecessary_blocking_io: 0
2022/03/28-20:31:18.524189 7f0cc5d61000                 Options.persist_stats_to_disk: 0
2022/03/28-20:31:18.524192 7f0cc5d61000                 Options.write_dbid_to_manifest: 0
2022/03/28-20:31:18.524194 7f0cc5d61000                 Options.log_readahead_size: 0
2022/03/28-20:31:18.524196 7f0cc5d61000                 Options.file_checksum_gen_factory: Unknown
2022/03/28-20:31:18.524198 7f0cc5d61000                 Options.best_efforts_recovery: 0
2022/03/28-20:31:18.524200 7f0cc5d61000                Options.max_bgerror_resume_count: 2147483647
2022/03/28-20:31:18.524202 7f0cc5d61000            Options.bgerror_resume_retry_interval: 1000000
2022/03/28-20:31:18.524205 7f0cc5d61000             Options.allow_data_in_errors: 0
2022/03/28-20:31:18.524207 7f0cc5d61000             Options.db_host_id: __hostname__
2022/03/28-20:31:18.524209 7f0cc5d61000             Options.max_background_jobs: 4
2022/03/28-20:31:18.524211 7f0cc5d61000             Options.max_background_compactions: -1
2022/03/28-20:31:18.524213 7f0cc5d61000             Options.max_subcompactions: 1
2022/03/28-20:31:18.524215 7f0cc5d61000             Options.avoid_flush_during_shutdown: 0
2022/03/28-20:31:18.524217 7f0cc5d61000           Options.writable_file_max_buffer_size: 1048576
2022/03/28-20:31:18.524220 7f0cc5d61000             Options.delayed_write_rate : 16777216
2022/03/28-20:31:18.524222 7f0cc5d61000             Options.max_total_wal_size: 4294967296
2022/03/28-20:31:18.524224 7f0cc5d61000             Options.delete_obsolete_files_period_micros: 21600000000
2022/03/28-20:31:18.524226 7f0cc5d61000                   Options.stats_dump_period_sec: 600
2022/03/28-20:31:18.524228 7f0cc5d61000                 Options.stats_persist_period_sec: 600
2022/03/28-20:31:18.524230 7f0cc5d61000                 Options.stats_history_buffer_size: 1048576
2022/03/28-20:31:18.524232 7f0cc5d61000                          Options.max_open_files: -1
2022/03/28-20:31:18.524235 7f0cc5d61000                          Options.bytes_per_sync: 0
2022/03/28-20:31:18.524237 7f0cc5d61000                      Options.wal_bytes_per_sync: 0
2022/03/28-20:31:18.524240 7f0cc5d61000                   Options.strict_bytes_per_sync: 0
2022/03/28-20:31:18.524242 7f0cc5d61000       Options.compaction_readahead_size: 0
2022/03/28-20:31:18.524244 7f0cc5d61000                  Options.max_background_flushes: -1
2022/03/28-20:31:18.524246 7f0cc5d61000 Compression algorithms supported:
2022/03/28-20:31:18.524248 7f0cc5d61000 	kZSTDNotFinalCompression supported: 0
2022/03/28-20:31:18.524251 7f0cc5d61000 	kZSTD supported: 0
2022/03/28-20:31:18.524309 7f0cc5d61000 	kXpressCompression supported: 0
2022/03/28-20:31:18.524313 7f0cc5d61000 	kLZ4HCCompression supported: 1
2022/03/28-20:31:18.524316 7f0cc5d61000 	kLZ4Compression supported: 1
2022/03/28-20:31:18.524318 7f0cc5d61000 	kBZip2Compression supported: 0
2022/03/28-20:31:18.524320 7f0cc5d61000 	kZlibCompression supported: 0
2022/03/28-20:31:18.524322 7f0cc5d61000 	kSnappyCompression supported: 0
2022/03/28-20:31:18.524326 7f0cc5d61000 Fast CRC32 supported: Not supported on x86
2022/03/28-20:31:18.559651 7f0cc5d61000 [db/db_impl/db_impl_open.cc:285] Creating manifest 1 
2022/03/28-20:31:18.628325 7f0cc5d61000 [db/version_set.cc:4627] Recovering from manifest file: test-ledger/rocksdb/MANIFEST-000001
2022/03/28-20:31:18.628654 7f0cc5d61000 [db/column_family.cc:598] --------------- Options for column family [default]:
2022/03/28-20:31:18.628660 7f0cc5d61000               Options.comparator: leveldb.BytewiseComparator
2022/03/28-20:31:18.628664 7f0cc5d61000           Options.merge_operator: None
2022/03/28-20:31:18.628667 7f0cc5d61000        Options.compaction_filter: None
2022/03/28-20:31:18.628669 7f0cc5d61000        Options.compaction_filter_factory: None
2022/03/28-20:31:18.628670 7f0cc5d61000  Options.sst_partitioner_factory: None
2022/03/28-20:31:18.628672 7f0cc5d61000         Options.memtable_factory: SkipListFactory
2022/03/28-20:31:18.628675 7f0cc5d61000            Options.table_factory: BlockBasedTable
2022/03/28-20:31:18.628737 7f0cc5d61000            table_factory options:   flush_block_policy_factory: FlushBlockBySizePolicyFactory (0x7fffe9ce0200)
  cache_index_and_filter_blocks: 0
  cache_index_and_filter_blocks_with_high_priority: 1
  pin_l0_filter_and_index_blocks_in_cache: 0
  pin_top_level_index_and_filter: 1
  index_type: 0
  data_block_index_type: 0
  index_shortening: 1
  data_block_hash_table_util_ratio: 0.750000
  hash_index_allow_collision: 1
  checksum: 1
  no_block_cache: 0
  block_cache: 0x7fffe9ce0250
  block_cache_name: LRUCache
  block_cache_options:
    capacity : 8388608
    num_shard_bits : 4
    strict_capacity_limit : 0
    memory_allocator : None
    high_pri_pool_ratio: 0.000
  block_cache_compressed: (nil)
  persistent_cache: (nil)
  block_size: 4096
  block_size_deviation: 10
  block_restart_interval: 16
  index_block_restart_interval: 1
  metadata_block_size: 4096
  partition_filters: 0
  use_delta_encoding: 1
  filter_policy: nullptr
  whole_key_filtering: 1
  verify_compression: 0
  read_amp_bytes_per_bit: 0
  format_version: 5
  enable_index_compression: 1
  block_align: 0
2022/03/28-20:31:18.628740 7f0cc5d61000        Options.write_buffer_size: 67108864
2022/03/28-20:31:18.628742 7f0cc5d61000  Options.max_write_buffer_number: 2
2022/03/28-20:31:18.628744 7f0cc5d61000          Options.compression: NoCompression
2022/03/28-20:31:18.628746 7f0cc5d61000                  Options.bottommost_compression: Disabled
2022/03/28-20:31:18.628748 7f0cc5d61000       Options.prefix_extractor: nullptr
2022/03/28-20:31:18.628750 7f0cc5d61000   Options.memtable_insert_with_hint_prefix_extractor: nullptr
2022/03/28-20:31:18.628752 7f0cc5d61000             Options.num_levels: 7
2022/03/28-20:31:18.628756 7f0cc5d61000        Options.min_write_buffer_number_to_merge: 1
2022/03/28-20:31:18.628758 7f0cc5d61000     Options.max_write_buffer_number_to_maintain: 0
2022/03/28-20:31:18.628760 7f0cc5d61000     Options.max_write_buffer_size_to_maintain: 0
2022/03/28-20:31:18.628762 7f0cc5d61000            Options.bottommost_compression_opts.window_bits: -14
2022/03/28-20:31:18.628764 7f0cc5d61000                  Options.bottommost_compression_opts.level: 32767
2022/03/28-20:31:18.628766 7f0cc5d61000               Options.bottommost_compression_opts.strategy: 0
2022/03/28-20:31:18.628767 7f0cc5d61000         Options.bottommost_compression_opts.max_dict_bytes: 0
2022/03/28-20:31:18.628769 7f0cc5d61000         Options.bottommost_compression_opts.zstd_max_train_bytes: 0
2022/03/28-20:31:18.628771 7f0cc5d61000         Options.bottommost_compression_opts.parallel_threads: 1
2022/03/28-20:31:18.628773 7f0cc5d61000                  Options.bottommost_compression_opts.enabled: false
2022/03/28-20:31:18.628802 7f0cc5d61000         Options.bottommost_compression_opts.max_dict_buffer_bytes: 0
2022/03/28-20:31:18.628804 7f0cc5d61000            Options.compression_opts.window_bits: -14
2022/03/28-20:31:18.628806 7f0cc5d61000                  Options.compression_opts.level: 32767
2022/03/28-20:31:18.628808 7f0cc5d61000               Options.compression_opts.strategy: 0
2022/03/28-20:31:18.628810 7f0cc5d61000         Options.compression_opts.max_dict_bytes: 0
2022/03/28-20:31:18.628812 7f0cc5d61000         Options.compression_opts.zstd_max_train_bytes: 0
2022/03/28-20:31:18.628814 7f0cc5d61000         Options.compression_opts.parallel_threads: 1
2022/03/28-20:31:18.628816 7f0cc5d61000                  Options.compression_opts.enabled: false
2022/03/28-20:31:18.628817 7f0cc5d61000         Options.compression_opts.max_dict_buffer_bytes: 0
2022/03/28-20:31:18.628819 7f0cc5d61000      Options.level0_file_num_compaction_trigger: 4
2022/03/28-20:31:18.628821 7f0cc5d61000          Options.level0_slowdown_writes_trigger: 20
2022/03/28-20:31:18.628823 7f0cc5d61000              Options.level0_stop_writes_trigger: 36
2022/03/28-20:31:18.628825 7f0cc5d61000                   Options.target_file_size_base: 67108864
2022/03/28-20:31:18.628827 7f0cc5d61000             Options.target_file_size_multiplier: 1
2022/03/28-20:31:18.628829 7f0cc5d61000                Options.max_bytes_for_level_base: 268435456
2022/03/28-20:31:18.628831 7f0cc5d61000 Options.level_compaction_dynamic_level_bytes: 0
2022/03/28-20:31:18.628833 7f0cc5d61000          Options.max_bytes_for_level_multiplier: 10.000000
2022/03/28-20:31:18.628841 7f0cc5d61000 Options.max_bytes_for_level_multiplier_addtl[0]: 1
2022/03/28-20:31:18.628844 7f0cc5d61000 Options.max_bytes_for_level_multiplier_addtl[1]: 1
2022/03/28-20:31:18.628846 7f0cc5d61000 Options.max_bytes_for_level_multiplier_addtl[2]: 1
2022/03/28-20:31:18.628847 7f0cc5d61000 Options.max_bytes_for_level_multiplier_addtl[3]: 1
2022/03/28-20:31:18.628849 7f0cc5d61000 Options.max_bytes_for_level_multiplier_addtl[4]: 1
2022/03/28-20:31:18.628851 7f0cc5d61000 Options.max_bytes_for_level_multiplier_addtl[5]: 1
2022/03/28-20:31:18.628853 7f0cc5d61000 Options.max_bytes_for_level_multiplier_addtl[6]: 1
2022/03/28-20:31:18.628855 7f0cc5d61000       Options.max_sequential_skip_in_iterations: 8
2022/03/28-20:31:18.628857 7f0cc5d61000                    Options.max_compaction_bytes: 1677721600
2022/03/28-20:31:18.628859 7f0cc5d61000                        Options.arena_block_size: 8388608
2022/03/28-20:31:18.628860 7f0cc5d61000   Options.soft_pending_compaction_bytes_limit: 68719476736
2022/03/28-20:31:18.628862 7f0cc5d61000   Options.hard_pending_compaction_bytes_limit: 274877906944
2022/03/28-20:31:18.628864 7f0cc5d61000       Options.rate_limit_delay_max_milliseconds: 100
2022/03/28-20:31:18.628866 7f0cc5d61000                Options.disable_auto_compactions: 0
2022/03/28-20:31:18.628869 7f0cc5d61000                        Options.compaction_style: kCompactionStyleLevel
2022/03/28-20:31:18.628871 7f0cc5d61000                          Options.compaction_pri: kMinOverlappingRatio
2022/03/28-20:31:18.628873 7f0cc5d61000 Options.compaction_options_universal.size_ratio: 1
2022/03/28-20:31:18.628875 7f0cc5d61000 Options.compaction_options_universal.min_merge_width: 2
2022/03/28-20:31:18.628877 7f0cc5d61000 Options.compaction_options_universal.max_merge_width: 4294967295
2022/03/28-20:31:18.628878 7f0cc5d61000 Options.compaction_options_universal.max_size_amplification_percent: 200
2022/03/28-20:31:18.628880 7f0cc5d61000 Options.compaction_options_universal.compression_size_percent: -1
2022/03/28-20:31:18.628882 7f0cc5d61000 Options.compaction_options_universal.stop_style: kCompactionStopStyleTotalSize
2022/03/28-20:31:18.628884 7f0cc5d61000 Options.compaction_options_fifo.max_table_files_size: 1073741824
2022/03/28-20:31:18.628886 7f0cc5d61000 Options.compaction_options_fifo.allow_compaction: 0
2022/03/28-20:31:18.628895 7f0cc5d61000                   Options.table_properties_collectors: 
2022/03/28-20:31:18.628957 7f0cc5d61000                   Options.inplace_update_support: 0
2022/03/28-20:31:18.628960 7f0cc5d61000                 Options.inplace_update_num_locks: 10000
2022/03/28-20:31:18.628962 7f0cc5d61000               Options.memtable_prefix_bloom_size_ratio: 0.000000
2022/03/28-20:31:18.628965 7f0cc5d61000               Options.memtable_whole_key_filtering: 0
2022/03/28-20:31:18.628967 7f0cc5d61000   Options.memtable_huge_page_size: 0
2022/03/28-20:31:18.628968 7f0cc5d61000                           Options.bloom_locality: 0
2022/03/28-20:31:18.628970 7f0cc5d61000                    Options.max_successive_merges: 0
2022/03/28-20:31:18.628972 7f0cc5d61000                Options.optimize_filters_for_hits: 0
2022/03/28-20:31:18.628974 7f0cc5d61000                Options.paranoid_file_checks: 0
2022/03/28-20:31:18.628976 7f0cc5d61000                Options.force_consistency_checks: 1
2022/03/28-20:31:18.628978 7f0cc5d61000                Options.report_bg_io_stats: 0
2022/03/28-20:31:18.628979 7f0cc5d61000                               Options.ttl: 2592000
2022/03/28-20:31:18.628981 7f0cc5d61000          Options.periodic_compaction_seconds: 0
2022/03/28-20:31:18.628983 7f0cc5d61000                    Options.enable_blob_files: false
2022/03/28-20:31:18.628985 7f0cc5d61000                        Options.min_blob_size: 0
2022/03/28-20:31:18.628987 7f0cc5d61000                       Options.blob_file_size: 268435456
2022/03/28-20:31:18.628989 7f0cc5d61000                Options.blob_compression_type: NoCompression
2022/03/28-20:31:18.628991 7f0cc5d61000       Options.enable_blob_garbage_collection: false
2022/03/28-20:31:18.628993 7f0cc5d61000   Options.blob_garbage_collection_age_cutoff: 0.250000
2022/03/28-20:31:18.631309 7f0cc5d61000 [db/version_set.cc:4675] Recovered from manifest file:test-ledger/rocksdb/MANIFEST-000001 succeeded,manifest_file_number is 1, next_file_number is 3, last_sequence is 0, log_number is 0,prev_log_number is 0,max_column_family is 0,min_log_number_to_keep is 0
2022/03/28-20:31:18.631315 7f0cc5d61000 [db/version_set.cc:4684] Column family [default] (ID 0), log number is 0
2022/03/28-20:31:18.631711 7f0cc5d61000 [db/version_set.cc:4119] Creating manifest 4
2022/03/28-20:31:18.714089 7f0cc5d61000 [db/column_family.cc:598] --------------- Options for column family [meta]:
2022/03/28-20:31:18.714100 7f0cc5d61000               Options.comparator: leveldb.BytewiseComparator
2022/03/28-20:31:18.714103 7f0cc5d61000           Options.merge_operator: None
2022/03/28-20:31:18.714105 7f0cc5d61000        Options.compaction_filter: None
2022/03/28-20:31:18.714115 7f0cc5d61000        Options.compaction_filter_factory: purged_slot_filter_factory(meta)
2022/03/28-20:31:18.714118 7f0cc5d61000  Options.sst_partitioner_factory: None
2022/03/28-20:31:18.714120 7f0cc5d61000         Options.memtable_factory: SkipListFactory
2022/03/28-20:31:18.714121 7f0cc5d61000            Options.table_factory: BlockBasedTable
2022/03/28-20:31:18.714205 7f0cc5d61000            table_factory options:   flush_block_policy_factory: FlushBlockBySizePolicyFactory (0x7fffe9cb66a0)
  cache_index_and_filter_blocks: 0
  cache_index_and_filter_blocks_with_high_priority: 1
  pin_l0_filter_and_index_blocks_in_cache: 0
  pin_top_level_index_and_filter: 1
  index_type: 0
  data_block_index_type: 0
  index_shortening: 1
  data_block_hash_table_util_ratio: 0.750000
  hash_index_allow_collision: 1
  checksum: 1
  no_block_cache: 0
  block_cache: 0x7fffe9cb66f0
  block_cache_name: LRUCache
  block_cache_options:
    capacity : 8388608
    num_shard_bits : 4
    strict_capacity_limit : 0
    memory_allocator : None
    high_pri_pool_ratio: 0.000
  block_cache_compressed: (nil)
  persistent_cache: (nil)
  block_size: 4096
  block_size_deviation: 10
  block_restart_interval: 16
  index_block_restart_interval: 1
  metadata_block_size: 4096
  partition_filters: 0
  use_delta_encoding: 1
  filter_policy: nullptr
  whole_key_filtering: 1
  verify_compression: 0
  read_amp_bytes_per_bit: 0
  format_version: 5
  enable_index_compression: 1
  block_align: 0
2022/03/28-20:31:18.714208 7f0cc5d61000        Options.write_buffer_size: 268435456
2022/03/28-20:31:18.714210 7f0cc5d61000  Options.max_write_buffer_number: 8
2022/03/28-20:31:18.714212 7f0cc5d61000          Options.compression: NoCompression
2022/03/28-20:31:18.714214 7f0cc5d61000                  Options.bottommost_compression: Disabled
2022/03/28-20:31:18.714216 7f0cc5d61000       Options.prefix_extractor: nullptr
2022/03/28-20:31:18.714218 7f0cc5d61000   Options.memtable_insert_with_hint_prefix_extractor: nullptr
2022/03/28-20:31:18.714220 7f0cc5d61000             Options.num_levels: 7
2022/03/28-20:31:18.714221 7f0cc5d61000        Options.min_write_buffer_number_to_merge: 1
2022/03/28-20:31:18.714223 7f0cc5d61000     Options.max_write_buffer_number_to_maintain: 0
2022/03/28-20:31:18.714225 7f0cc5d61000     Options.max_write_buffer_size_to_maintain: 0
2022/03/28-20:31:18.714227 7f0cc5d61000            Options.bottommost_compression_opts.window_bits: -14
2022/03/28-20:31:18.714229 7f0cc5d61000                  Options.bottommost_compression_opts.level: 32767
2022/03/28-20:31:18.714231 7f0cc5d61000               Options.bottommost_compression_opts.strategy: 0
2022/03/28-20:31:18.714233 7f0cc5d61000         Options.bottommost_compression_opts.max_dict_bytes: 0
2022/03/28-20:31:18.714235 7f0cc5d61000         Options.bottommost_compression_opts.zstd_max_train_bytes: 0
2022/03/28-20:31:18.714236 7f0cc5d61000         Options.bottommost_compression_opts.parallel_threads: 1
2022/03/28-20:31:18.714238 7f0cc5d61000                  Options.bottommost_compression_opts.enabled: false
2022/03/28-20:31:18.714240 7f0cc5d61000         Options.bottommost_compression_opts.max_dict_buffer_bytes: 0
2022/03/28-20:31:18.714242 7f0cc5d61000            Options.compression_opts.window_bits: -14
2022/03/28-20:31:18.714244 7f0cc5d61000                  Options.compression_opts.level: 32767
2022/03/28-20:31:18.714246 7f0cc5d61000               Options.compression_opts.strategy: 0
2022/03/28-20:31:18.714248 7f0cc5d61000         Options.compression_opts.max_dict_bytes: 0
2022/03/28-20:31:18.714249 7f0cc5d61000         Options.compression_opts.zstd_max_train_bytes: 0
2022/03/28-20:31:18.714251 7f0cc5d61000         Options.compression_opts.parallel_threads: 1
2022/03/28-20:31:18.714286 7f0cc5d61000                  Options.compression_opts.enabled: false
2022/03/28-20:31:18.714289 7f0cc5d61000         Options.compression_opts.max_dict_buffer_bytes: 0
2022/03/28-20:31:18.714291 7f0cc5d61000      Options.level0_file_num_compaction_trigger: 4
2022/03/28-20:31:18.714293 7f0cc5d61000          Options.level0_slowdown_writes_trigger: 20
2022/03/28-20:31:18.714295 7f0cc5d61000              Options.level0_stop_writes_trigger: 36
2022/03/28-20:31:18.714297 7f0cc5d61000                   Options.target_file_size_base: 107374182
2022/03/28-20:31:18.714299 7f0cc5d61000             Options.target_file_size_multiplier: 1
2022/03/28-20:31:18.714301 7f0cc5d61000                Options.max_bytes_for_level_base: 1073741824
2022/03/28-20:31:18.714303 7f0cc5d61000 Options.level_compaction_dynamic_level_bytes: 0
2022/03/28-20:31:18.714304 7f0cc5d61000          Options.max_bytes_for_level_multiplier: 10.000000
2022/03/28-20:31:18.714308 7f0cc5d61000 Options.max_bytes_for_level_multiplier_addtl[0]: 1
2022/03/28-20:31:18.714310 7f0cc5d61000 Options.max_bytes_for_level_multiplier_addtl[1]: 1
2022/03/28-20:31:18.714311 7f0cc5d61000 Options.max_bytes_for_level_multiplier_addtl[2]: 1
2022/03/28-20:31:18.714313 7f0cc5d61000 Options.max_bytes_for_level_multiplier_addtl[3]: 1
2022/03/28-20:31:18.714315 7f0cc5d61000 Options.max_bytes_for_level_multiplier_addtl[4]: 1
2022/03/28-20:31:18.714317 7f0cc5d61000 Options.max_bytes_for_level_multiplier_addtl[5]: 1
2022/03/28-20:31:18.714319 7f0cc5d61000 Options.max_bytes_for_level_multiplier_addtl[6]: 1
2022/03/28-20:31:18.714321 7f0cc5d61000       Options.max_sequential_skip_in_iterations: 8
2022/03/28-20:31:18.714322 7f0cc5d61000                    Options.max_compaction_bytes: 2684354550
2022/03/28-20:31:18.714324 7f0cc5d61000                        Options.arena_block_size: 33554432
2022/03/28-20:31:18.714326 7f0cc5d61000   Options.soft_pending_compaction_bytes_limit: 68719476736
2022/03/28-20:31:18.714328 7f0cc5d61000   Options.hard_pending_compaction_bytes_limit: 274877906944
2022/03/28-20:31:18.714330 7f0cc5d61000       Options.rate_limit_delay_max_milliseconds: 100
2022/03/28-20:31:18.714332 7f0cc5d61000                Options.disable_auto_compactions: 0
2022/03/28-20:31:18.714335 7f0cc5d61000                        Options.compaction_style: kCompactionStyleLevel
2022/03/28-20:31:18.714337 7f0cc5d61000                          Options.compaction_pri: kMinOverlappingRatio
2022/03/28-20:31:18.714339 7f0cc5d61000 Options.compaction_options_universal.size_ratio: 1
2022/03/28-20:31:18.714341 7f0cc5d61000 Options.compaction_options_universal.min_merge_width: 2
2022/03/28-20:31:18.714342 7f0cc5d61000 Options.compaction_options_universal.max_merge_width: 4294967295
2022/03/28-20:31:18.714344 7f0cc5d61000 Options.compaction_options_universal.max_size_amplification_percent: 200
2022/03/28-20:31:18.714346 7f0cc5d61000 Options.compaction_options_universal.compression_size_percent: -1
2022/03/28-20:31:18.714348 7f0cc5d61000 Options.compaction_options_universal.stop_style: kCompactionStopStyleTotalSize
2022/03/28-20:31:18.714350 7f0cc5d61000 Options.compaction_options_fifo.max_table_files_size: 1073741824
2022/03/28-20:31:18.714352 7f0cc5d61000 Options.compaction_options_fifo.allow_compaction: 0
2022/03/28-20:31:18.714358 7f0cc5d61000                   Options.table_properties_collectors: 
2022/03/28-20:31:18.714360 7f0cc5d61000                   Options.inplace_update_support: 0
2022/03/28-20:31:18.714362 7f0cc5d61000                 Options.inplace_update_num_locks: 10000
2022/03/28-20:31:18.714364 7f0cc5d61000               Options.memtable_prefix_bloom_size_ratio: 0.000000
2022/03/28-20:31:18.714366 7f0cc5d61000               Options.memtable_whole_key_filtering: 0
2022/03/28-20:31:18.714368 7f0cc5d61000   Options.memtable_huge_page_size: 0
2022/03/28-20:31:18.714370 7f0cc5d61000                           Options.bloom_locality: 0
2022/03/28-20:31:18.714372 7f0cc5d61000                    Options.max_successive_merges: 0
2022/03/28-20:31:18.714389 7f0cc5d61000                Options.optimize_filters_for_hits: 0
2022/03/28-20:31:18.714392 7f0cc5d61000                Options.paranoid_file_checks: 0
2022/03/28-20:31:18.714394 7f0cc5d61000                Options.force_consistency_checks: 1
2022/03/28-20:31:18.714396 7f0cc5d61000                Options.report_bg_io_stats: 0
2022/03/28-20:31:18.714398 7f0cc5d61000                               Options.ttl: 2592000
2022/03/28-20:31:18.714399 7f0cc5d61000          Options.periodic_compaction_seconds: 2592000
2022/03/28-20:31:18.714401 7f0cc5d61000                    Options.enable_blob_files: false
2022/03/28-20:31:18.714403 7f0cc5d61000                        Options.min_blob_size: 0
2022/03/28-20:31:18.714405 7f0cc5d61000                       Options.blob_file_size: 268435456
2022/03/28-20:31:18.714407 7f0cc5d61000                Options.blob_compression_type: NoCompression
2022/03/28-20:31:18.714409 7f0cc5d61000       Options.enable_blob_garbage_collection: false
2022/03/28-20:31:18.714411 7f0cc5d61000   Options.blob_garbage_collection_age_cutoff: 0.250000
2022/03/28-20:31:18.714561 7f0cc5d61000 [db/db_impl/db_impl.cc:2662] Created column family [meta] (ID 1)
2022/03/28-20:31:18.773072 7f0cc5d61000 [db/column_family.cc:598] --------------- Options for column family [dead_slots]:
2022/03/28-20:31:18.773083 7f0cc5d61000               Options.comparator: leveldb.BytewiseComparator
2022/03/28-20:31:18.773086 7f0cc5d61000           Options.merge_operator: None
2022/03/28-20:31:18.773088 7f0cc5d61000        Options.compaction_filter: None
2022/03/28-20:31:18.773090 7f0cc5d61000        Options.compaction_filter_factory: purged_slot_filter_factory(dead_slots)
2022/03/28-20:31:18.773092 7f0cc5d61000  Options.sst_partitioner_factory: None
2022/03/28-20:31:18.773094 7f0cc5d61000         Options.memtable_factory: SkipListFactory
2022/03/28-20:31:18.773096 7f0cc5d61000            Options.table_factory: BlockBasedTable
2022/03/28-20:31:18.773183 7f0cc5d61000            table_factory options:   flush_block_policy_factory: FlushBlockBySizePolicyFactory (0x7fffe9cb2b50)
  cache_index_and_filter_blocks: 0
  cache_index_and_filter_blocks_with_high_priority: 1
  pin_l0_filter_and_index_blocks_in_cache: 0
  pin_top_level_index_and_filter: 1
  index_type: 0
  data_block_index_type: 0
  index_shortening: 1
  data_block_hash_table_util_ratio: 0.750000
  hash_index_allow_collision: 1
  checksum: 1
  no_block_cache: 0
  block_cache: 0x7fffe9cb8650
  block_cache_name: LRUCache
  block_cache_options:
    capacity : 8388608
    num_shard_bits : 4
    strict_capacity_limit : 0
    memory_allocator : None
    high_pri_pool_ratio: 0.000
  block_cache_compressed: (nil)
  persistent_cache: (nil)
  block_size: 4096
  block_size_deviation: 10
  block_restart_interval: 16
  index_block_restart_interval: 1
  metadata_block_size: 4096
  partition_filters: 0
  use_delta_encoding: 1
  filter_policy: nullptr
  whole_key_filtering: 1
  verify_compression: 0
  read_amp_bytes_per_bit: 0
  format_version: 5
  enable_index_compression: 1
  block_align: 0
2022/03/28-20:31:18.773186 7f0cc5d61000        Options.write_buffer_size: 268435456
2022/03/28-20:31:18.773188 7f0cc5d61000  Options.max_write_buffer_number: 8
2022/03/28-20:31:18.773190 7f0cc5d61000          Options.compression: NoCompression
2022/03/28-20:31:18.773205 7f0cc5d61000                  Options.bottommost_compression: Disabled
2022/03/28-20:31:18.773207 7f0cc5d61000       Options.prefix_extractor: nullptr
2022/03/28-20:31:18.773209 7f0cc5d61000   Options.memtable_insert_with_hint_prefix_extractor: nullptr
2022/03/28-20:31:18.773211 7f0cc5d61000             Options.num_levels: 7
2022/03/28-20:31:18.773213 7f0cc5d61000        Options.min_write_buffer_number_to_merge: 1
2022/03/28-20:31:18.773230 7f0cc5d61000     Options.max_write_buffer_number_to_maintain: 0
2022/03/28-20:31:18.773232 7f0cc5d61000     Options.max_write_buffer_size_to_maintain: 0
2022/03/28-20:31:18.773234 7f0cc5d61000            Options.bottommost_compression_opts.window_bits: -14
2022/03/28-20:31:18.773236 7f0cc5d61000                  Options.bottommost_compression_opts.level: 32767
2022/03/28-20:31:18.773238 7f0cc5d61000               Options.bottommost_compression_opts.strategy: 0
2022/03/28-20:31:18.773240 7f0cc5d61000         Options.bottommost_compression_opts.max_dict_bytes: 0
2022/03/28-20:31:18.773242 7f0cc5d61000         Options.bottommost_compression_opts.zstd_max_train_bytes: 0
2022/03/28-20:31:18.773243 7f0cc5d61000         Options.bottommost_compression_opts.parallel_threads: 1
2022/03/28-20:31:18.773245 7f0cc5d61000                  Options.bottommost_compression_opts.enabled: false
2022/03/28-20:31:18.773247 7f0cc5d61000         Options.bottommost_compression_opts.max_dict_buffer_bytes: 0
2022/03/28-20:31:18.773249 7f0cc5d61000            Options.compression_opts.window_bits: -14
2022/03/28-20:31:18.773251 7f0cc5d61000                  Options.compression_opts.level: 32767
2022/03/28-20:31:18.773253 7f0cc5d61000               Options.compression_opts.strategy: 0
2022/03/28-20:31:18.773268 7f0cc5d61000         Options.compression_opts.max_dict_bytes: 0
2022/03/28-20:31:18.773270 7f0cc5d61000         Options.compression_opts.zstd_max_train_bytes: 0
2022/03/28-20:31:18.773272 7f0cc5d61000         Options.compression_opts.parallel_threads: 1
2022/03/28-20:31:18.773293 7f0cc5d61000                  Options.compression_opts.enabled: false
2022/03/28-20:31:18.773296 7f0cc5d61000         Options.compression_opts.max_dict_buffer_bytes: 0
2022/03/28-20:31:18.773298 7f0cc5d61000      Options.level0_file_num_compaction_trigger: 4
2022/03/28-20:31:18.773300 7f0cc5d61000          Options.level0_slowdown_writes_trigger: 20
2022/03/28-20:31:18.773315 7f0cc5d61000              Options.level0_stop_writes_trigger: 36
2022/03/28-20:31:18.773316 7f0cc5d61000                   Options.target_file_size_base: 107374182
2022/03/28-20:31:18.773318 7f0cc5d61000             Options.target_file_size_multiplier: 1
2022/03/28-20:31:18.773320 7f0cc5d61000                Options.max_bytes_for_level_base: 1073741824
2022/03/28-20:31:18.773322 7f0cc5d61000 Options.level_compaction_dynamic_level_bytes: 0
2022/03/28-20:31:18.773324 7f0cc5d61000          Options.max_bytes_for_level_multiplier: 10.000000
2022/03/28-20:31:18.773327 7f0cc5d61000 Options.max_bytes_for_level_multiplier_addtl[0]: 1
2022/03/28-20:31:18.773329 7f0cc5d61000 Options.max_bytes_for_level_multiplier_addtl[1]: 1
2022/03/28-20:31:18.773331 7f0cc5d61000 Options.max_bytes_for_level_multiplier_addtl[2]: 1
2022/03/28-20:31:18.773332 7f0cc5d61000 Options.max_bytes_for_level_multiplier_addtl[3]: 1
2022/03/28-20:31:18.773334 7f0cc5d61000 Options.max_bytes_for_level_multiplier_addtl[4]: 1
2022/03/28-20:31:18.773336 7f0cc5d61000 Options.max_bytes_for_level_multiplier_addtl[5]: 1
2022/03/28-20:31:18.773338 7f0cc5d61000 Options.max_bytes_for_level_multiplier_addtl[6]: 1
2022/03/28-20:31:18.773340 7f0cc5d61000       Options.max_sequential_skip_in_iterations: 8
2022/03/28-20:31:18.773341 7f0cc5d61000                    Options.max_compaction_bytes: 2684354550
2022/03/28-20:31:18.773343 7f0cc5d61000                        Options.arena_block_size: 33554432
2022/03/28-20:31:18.773345 7f0cc5d61000   Options.soft_pending_compaction_bytes_limit: 68719476736
2022/03/28-20:31:18.773347 7f0cc5d61000   Options.hard_pending_compaction_bytes_limit: 274877906944
2022/03/28-20:31:18.773349 7f0cc5d61000       Options.rate_limit_delay_max_milliseconds: 100
2022/03/28-20:31:18.773351 7f0cc5d61000                Options.disable_auto_compactions: 0
2022/03/28-20:31:18.773353 7f0cc5d61000                        Options.compaction_style: kCompactionStyleLevel
2022/03/28-20:31:18.773356 7f0cc5d61000                          Options.compaction_pri: kMinOverlappingRatio
2022/03/28-20:31:18.773357 7f0cc5d61000 Options.compaction_options_universal.size_ratio: 1
2022/03/28-20:31:18.773359 7f0cc5d61000 Options.compaction_options_universal.min_merge_width: 2
2022/03/28-20:31:18.773361 7f0cc5d61000 Options.compaction_options_universal.max_merge_width: 4294967295
2022/03/28-20:31:18.773363 7f0cc5d61000 Options.compaction_options_universal.max_size_amplification_percent: 200
2022/03/28-20:31:18.773365 7f0cc5d61000 Options.compaction_options_universal.compression_size_percent: -1
2022/03/28-20:31:18.773367 7f0cc5d61000 Options.compaction_options_universal.stop_style: kCompactionStopStyleTotalSize
2022/03/28-20:31:18.773369 7f0cc5d61000 Options.compaction_options_fifo.max_table_files_size: 1073741824
2022/03/28-20:31:18.773371 7f0cc5d61000 Options.compaction_options_fifo.allow_compaction: 0
2022/03/28-20:31:18.773377 7f0cc5d61000                   Options.table_properties_collectors: 
2022/03/28-20:31:18.773379 7f0cc5d61000                   Options.inplace_update_support: 0
2022/03/28-20:31:18.773380 7f0cc5d61000                 Options.inplace_update_num_locks: 10000
2022/03/28-20:31:18.773382 7f0cc5d61000               Options.memtable_prefix_bloom_size_ratio: 0.000000
2022/03/28-20:31:18.773384 7f0cc5d61000               Options.memtable_whole_key_filtering: 0
2022/03/28-20:31:18.773386 7f0cc5d61000   Options.memtable_huge_page_size: 0
2022/03/28-20:31:18.773388 7f0cc5d61000                           Options.bloom_locality: 0
2022/03/28-20:31:18.773390 7f0cc5d61000                    Options.max_successive_merges: 0
2022/03/28-20:31:18.773448 7f0cc5d61000                Options.optimize_filters_for_hits: 0
2022/03/28-20:31:18.773451 7f0cc5d61000                Options.paranoid_file_checks: 0
2022/03/28-20:31:18.773453 7f0cc5d61000                Options.force_consistency_checks: 1
2022/03/28-20:31:18.773455 7f0cc5d61000                Options.report_bg_io_stats: 0
2022/03/28-20:31:18.773457 7f0cc5d61000                               Options.ttl: 2592000
2022/03/28-20:31:18.773459 7f0cc5d61000          Options.periodic_compaction_seconds: 2592000
2022/03/28-20:31:18.773460 7f0cc5d61000                    Options.enable_blob_files: false
2022/03/28-20:31:18.773462 7f0cc5d61000                        Options.min_blob_size: 0
2022/03/28-20:31:18.773464 7f0cc5d61000                       Options.blob_file_size: 268435456
2022/03/28-20:31:18.773466 7f0cc5d61000                Options.blob_compression_type: NoCompression
2022/03/28-20:31:18.773468 7f0cc5d61000       Options.enable_blob_garbage_collection: false
2022/03/28-20:31:18.773470 7f0cc5d61000   Options.blob_garbage_collection_age_cutoff: 0.250000
2022/03/28-20:31:18.773591 7f0cc5d61000 [db/db_impl/db_impl.cc:2662] Created column family [dead_slots] (ID 2)
2022/03/28-20:31:18.831220 7f0cc5d61000 [db/column_family.cc:598] --------------- Options for column family [duplicate_slots]:
2022/03/28-20:31:18.831247 7f0cc5d61000               Options.comparator: leveldb.BytewiseComparator
2022/03/28-20:31:18.831249 7f0cc5d61000           Options.merge_operator: None
2022/03/28-20:31:18.831251 7f0cc5d61000        Options.compaction_filter: None
2022/03/28-20:31:18.831254 7f0cc5d61000        Options.compaction_filter_factory: purged_slot_filter_factory(duplicate_slots)
2022/03/28-20:31:18.831256 7f0cc5d61000  Options.sst_partitioner_factory: None
2022/03/28-20:31:18.831258 7f0cc5d61000         Options.memtable_factory: SkipListFactory
2022/03/28-20:31:18.831260 7f0cc5d61000            Options.table_factory: BlockBasedTable
2022/03/28-20:31:18.831319 7f0cc5d61000            table_factory options:   flush_block_policy_factory: FlushBlockBySizePolicyFactory (0x7fffe9cba890)
  cache_index_and_filter_blocks: 0
  cache_index_and_filter_blocks_with_high_priority: 1
  pin_l0_filter_and_index_blocks_in_cache: 0
  pin_top_level_index_and_filter: 1
  index_type: 0
  data_block_index_type: 0
  index_shortening: 1
  data_block_hash_table_util_ratio: 0.750000
  hash_index_allow_collision: 1
  checksum: 1
  no_block_cache: 0
  block_cache: 0x7fffe9cba8e0
  block_cache_name: LRUCache
  block_cache_options:
    capacity : 8388608
    num_shard_bits : 4
    strict_capacity_limit : 0
    memory_allocator : None
    high_pri_pool_ratio: 0.000
  block_cache_compressed: (nil)
  persistent_cache: (nil)
  block_size: 4096
  block_size_deviation: 10
  block_restart_interval: 16
  index_block_restart_interval: 1
  metadata_block_size: 4096
  partition_filters: 0
  use_delta_encoding: 1
  filter_policy: nullptr
  whole_key_filtering: 1
  verify_compression: 0
  read_amp_bytes_per_bit: 0
  format_version: 5
  enable_index_compression: 1
  block_align: 0
2022/03/28-20:31:18.831321 7f0cc5d61000        Options.write_buffer_size: 268435456
2022/03/28-20:31:18.831323 7f0cc5d61000  Options.max_write_buffer_number: 8
2022/03/28-20:31:18.831325 7f0cc5d61000          Options.compression: NoCompression
2022/03/28-20:31:18.831327 7f0cc5d61000                  Options.bottommost_compression: Disabled
2022/03/28-20:31:18.831329 7f0cc5d61000       Options.prefix_extractor: nullptr
2022/03/28-20:31:18.831331 7f0cc5d61000   Options.memtable_insert_with_hint_prefix_extractor: nullptr
